863
741
673
689
52
835
805
227
178
749
932
214
535
100
8
247
846
767
25
398
532
238
799
112
465
702
482
318
531
676
547
608
128
38
657
93
712
609
338
314
314
572
133
161
289
519
95
70
794
447
1023
189
716
1012
163
283
35
124
342
1018
1007
350
176
478
63
887
38
174
832
1013
901
43
177
572
152
813
413
28
734
143
96
80
705
500
623
175
414
294
969
299
233
718
700
786
678
332
281
846
228
622
294
12
776
957
259
717
931
136
84
651
30
222
322
871
1017
87
690
845
609
936
838
134
934
185
272
672
465
356
296
450
471
934
679
188
67
948
863
973
460
508
833
120
98
437
34
324
309
677
983
439
180
633
305
745
521
838
844
617
302
142
322
195
146
146
335
559
33
185
254
702
825
376
260
539
763
477
982
668
862
802
825
767
911
947
844
81
151
318
213
777
543
128
61
132
255
401
630
285
350
43
347
684
392
1012
657
29
60
141
500
845
217
295
685
510
874
582
266
89
593
628
850
474
202
220
669
604
516
821
402
412
258
603
931
139
654
734
691
949
11
209
899
959
620
357
468
638
855
728
967
882
520
952
913
880
554
312
398
572
4
876
821
84
59
490
79
623
609
401
384
186
854
777
461
974
849
728
226
872
430
767
910
960
873
19
321
936
855
606
717
583
772
754
176
488
116
202
974
30
216
536
855
575
770
184
558
713
638
978
579
3
167
600
121
573
929
565
426
75
173
596
567
848
861
479
632
628
367
637
566
101
688
296
636
63
439
962
306
327
159
834
231
943
144
436
887
96
258
762
396
285
976
384
134
478
186
989
767
897
420
569
142
602
130
111
536
357
118
880
967
305
331
182
536
217
11
73
821
337
412
420
15
931
564
765
182
969
190
798
859
144
10
468
490
958
371
225
292
252
996
237
41
437
272
141
524
882
45
979
235
777
87
604
500
962
1010
2
44
476
667
541
341
754
411
320
145
31
836
946
498
720
319
726
405
870
324
479
861
308
159
333
102
71
662
461
989
426
555
682
679
362
686
573
631
401
846
832
364
938
800
267
16
923
613
748
68
287
850
899
895
208
615
308
151
539
67
740
476
65
501
786
387
96
918
277
339
634
778
207
635
250
434
744
780
681
577
814
993
873
819
138
731
52
1023
304
386
288
748
869
492
93
38
104
845
970
1021
963
111
766
243
915
895
772
132
53
263
698
19
86
305
450
239
552
948
191
723
234
739
595
237
867
80
271
312
346
59
99
788
571
565
292
746
318
899
754
581
290
278
963
33
837
1015
324
207
498
837
889
442
692
689
978
534
511
206
139
684
0
332
990
602
780
742
508
502
978
506
192
129
434
360
558
357
988
702
813
378
83
657
700
422
229
291
575
134
670
184
602
913
545
935
526
515
731
743
510
531
567
536
813
184
601
276
113
28
514
633
293
804
736
262
560
418
51
406
851
30
93
65
737
989
359
838
195
754
375
40
614
225
830
376
18
48
300
239
979
714
713
853
277
32
444
190
446
323
648
450
242
744
573
866
166
228
897
904
384
936
18
609
581
232
734
206
891
138
559
494
673
666
838
974
717
612
686
921
324
1
330
636
458
504
453
60
739
868
771
853
142
324
737
813
162
17
795
411
470
306
601
926
215
233
263
901
635
504
643
758
996
832
310
991
36
114
908
475
953
957
868
172
407
737
246
309
642
104
720
734
86
1001
620
486
221
681
770
164
531
747
615
927
979
327
261
729
15
34
896
153
184
917
556
172
784
221
174
64
57
199
880
893
30
999
1021
954
761
900
694
603
136
911
814
616
415
955
205
851
13
711
930
102
835
723
249
496
829
90
577
170
315
667
524
61
122
955
26
740
625
588
912
627
608
516
359
772
247
909
390
546
345
822
726
918
228
285
11
532
835
780
378
994
1005
949
852
948
142
523
787
866
456
839
944
804
265
517
536
536
183
44
163
819
19
296
602
306
888
42
673
774
985
813
691
344
963
143
888
982
461
463
768
600
37
707
1020
484
168
904
421
221
250
477
476
354
636
87
575
678
961
632
791
49
312
97
502
673
455
292
585
988
1019
1
310
133
164
463
291
244
1002
727
91
451
933
343
872
404
12
1012
896
799
585
517
888
215
959
785
309
965
626
337
390
267
256
354
497
253
32
808
781
594
321
359
118
512
831
191
42
293
762
19
202
408
127
85
708
524
608
525
770
882
39
693
248
176
239
458
143
248
178
282
132
1
424
775
590
621
543
463
519
886
369
173
378
436
992
217
467
799
737
868
823
538
828
415
571
196
813
481
584
54
266
747
692
172
942
742
860
217
1010
414
339
480
166
279
476
749
774
102
763
