100 100
895 494 53 732 915 716 356 285 805 641 843 486 900 790 116 876 602 892 637 823 728 38 166 675 317 492 981 64 895 112 656 908 610 276 362 997 377 418 254 556 502 743 47 540 790 902 665 282 265 319 78 651 183 958 349 850 721 243 213 916 429 357 640 302 129 706 142 227 403 408 40 492 312 89 769 407 721 553 41 301 268 620 217 321 895 660 502 585 669 950 303 677 712 415 903 10 529 86 555 971 
392 60 218 544 922 657 629 630 780 512 194 930 520 419 617 484 266 863 398 339 81 125 29 931 123 12 86 185 180 687 595 976 101 274 44 97 858 329 994 623 287 205 460 558 383 341 137 382 816 124 484 877 908 908 273 619 431 712 316 297 279 243 291 184 41 800 830 451 41 412 871 373 532 907 197 612 248 242 956 987 83 29 31 41 947 158 551 270 467 581 182 491 316 961 23 507 631 892 619 274 
129 701 937 118 44 705 397 371 953 771 601 0 180 959 23 26 686 506 178 904 55 677 17 899 560 839 448 451 539 643 55 657 886 334 354 201 966 464 297 1000 164 710 862 542 419 495 109 912 337 67 863 11 44 743 33 949 512 465 198 579 218 655 626 839 960 304 58 360 949 637 334 273 799 657 451 276 972 140 607 765 987 33 30 147 766 396 222 617 228 822 664 571 185 528 547 474 672 840 684 657 
767 15 428 300 892 346 952 312 805 168 661 505 786 723 731 482 647 924 838 653 195 95 4 183 980 668 196 766 493 614 969 514 996 53 268 511 741 784 904 707 399 166 23 790 469 353 259 118 359 139 388 296 99 192 854 651 211 90 856 141 618 592 358 479 196 480 632 810 508 847 29 161 627 524 649 52 769 256 114 992 204 730 448 588 555 706 267 983 376 1000 518 982 156 87 845 793 24 609 65 7 
403 309 89 276 962 530 184 419 139 181 793 665 462 603 473 951 732 75 749 671 678 720 579 246 36 352 354 93 495 592 961 609 531 971 756 644 613 640 512 244 696 650 788 416 463 207 739 711 168 452 130 603 349 909 220 102 843 379 550 405 224 119 703 307 565 510 955 179 81 856 868 486 652 74 213 502 716 656 257 178 844 50 896 708 811 533 435 358 239 133 738 358 279 996 363 528 477 954 505 399 
686 591 304 842 287 454 629 237 221 75 497 563 660 424 998 381 214 130 15 268 387 244 409 275 269 442 223 403 122 291 618 64 228 830 726 228 837 89 267 235 602 374 420 955 320 527 369 325 567 467 936 386 656 482 995 442 892 762 309 850 260 999 566 446 595 548 706 997 490 700 948 729 688 789 885 612 540 38 850 39 229 693 979 955 218 608 984 160 343 161 788 85 489 834 78 830 142 653 606 23 
949 254 137 774 4 719 609 638 270 267 694 953 213 740 830 397 17 743 299 167 669 411 512 546 871 223 14 821 915 781 553 149 394 0 133 159 893 129 382 145 402 832 793 691 122 8 344 272 824 977 868 306 887 732 245 628 321 102 478 958 663 567 309 722 854 449 866 405 531 756 535 956 399 4 713 253 309 156 291 970 687 793 184 332 999 469 885 253 463 14 887 614 707 200 94 398 575 491 412 111 
656 517 927 913 918 860 612 105 30 617 861 401 809 535 390 602 133 660 94 962 720 894 435 912 242 302 623 677 412 339 853 121 453 916 174 634 508 401 303 624 43 970 179 849 35 212 927 279 76 693 979 923 202 497 514 155 156 39 264 508 720 166 692 523 589 642 174 173 583 778 846 185 779 161 711 686 550 517 429 298 417 713 961 143 235 435 361 793 679 624 408 305 982 513 848 177 881 968 215 952 
193 535 460 869 770 195 213 224 233 779 798 315 386 463 966 35 797 301 36 199 806 598 431 210 341 640 110 72 338 340 858 809 492 60 54 598 544 938 69 814 136 287 484 658 915 133 545 912 14 297 496 906 165 963 218 658 535 956 456 641 530 848 143 533 119 774 136 16 539 217 445 579 544 408 948 948 330 604 78 350 905 168 106 442 712 40 989 473 277 399 825 707 589 597 529 723 206 657 876 682 
89 107 936 342 962 998 139 734 417 546 120 934 303 152 963 202 283 86 422 879 825 471 340 251 125 453 99 1000 967 166 319 815 639 866 469 492 874 969 849 563 546 866 860 958 633 577 731 722 314 202 244 116 349 600 946 21 757 826 900 487 952 848 336 820 646 96 294 274 461 983 354 594 307 952 892 881 216 63 208 282 721 431 272 941 571 868 642 317 896 64 953 873 523 395 400 926 423 935 376 685 
449 505 265 35 224 831 861 620 72 913 942 542 967 935 150 350 844 278 132 391 188 157 180 79 738 797 488 744 926 796 77 923 490 713 374 977 477 958 420 330 578 194 764 697 196 834 877 845 763 111 984 896 561 426 37 162 901 674 287 171 242 790 749 315 320 491 258 634 245 280 270 604 108 37 43 846 428 667 857 551 281 513 673 179 713 968 230 259 74 563 332 477 385 851 644 433 87 736 250 590 
377 993 690 942 916 694 103 231 588 456 249 101 10 190 622 547 912 296 709 283 717 670 164 416 57 391 186 250 959 798 256 701 527 308 302 675 16 416 411 238 152 13 939 860 172 773 962 637 124 977 141 517 543 125 783 682 895 666 499 861 329 333 611 633 66 728 832 826 120 936 785 257 428 69 349 745 317 772 469 701 851 727 37 15 129 805 108 945 337 684 403 664 459 521 277 927 514 765 349 433 
730 478 62 91 228 668 871 228 183 141 210 401 316 864 16 430 13 412 611 466 833 210 625 17 120 439 558 731 330 441 461 265 95 372 926 807 226 114 751 23 322 568 975 744 605 772 487 294 539 437 788 751 224 195 455 585 75 770 796 983 751 432 543 64 827 933 769 831 743 95 220 938 363 67 698 353 579 788 877 601 275 78 109 213 933 310 394 722 556 304 29 729 188 197 696 980 378 38 253 487 
587 766 510 891 70 326 352 290 913 521 431 458 275 415 51 301 336 515 517 496 810 806 450 979 630 127 821 94 253 212 1 741 762 85 252 761 868 322 57 593 804 476 264 598 377 807 503 438 404 374 312 135 694 854 279 726 94 15 956 95 468 383 825 389 553 509 860 857 610 108 468 895 447 208 525 882 216 867 525 860 215 939 485 788 134 481 627 4 460 279 345 748 117 758 658 410 234 679 312 304 
580 200 177 369 12 522 611 802 608 676 873 591 965 372 790 85 129 544 489 876 363 719 71 854 327 896 51 954 823 670 659 405 284 901 299 751 118 652 723 715 392 680 715 326 361 149 477 71 631 220 657 450 631 463 528 412 732 868 759 922 557 782 779 878 660 686 568 524 965 37 204 621 932 456 486 40 62 834 519 536 73 687 545 933 393 445 344 905 352 911 479 582 566 991 388 66 721 657 133 330 
245 431 984 468 35 239 447 512 301 224 126 908 561 186 800 532 489 555 751 850 928 258 744 985 894 487 226 286 106 412 998 518 634 848 442 914 691 471 663 430 504 457 25 340 382 77 943 69 643 783 490 25 553 965 517 719 986 978 923 369 475 984 347 858 63 907 422 994 453 712 377 964 248 348 765 965 785 527 791 944 617 965 451 879 669 541 7 996 929 376 275 714 772 84 287 729 619 439 308 496 
622 118 931 22 496 938 397 378 501 353 386 513 214 946 448 897 56 422 884 596 310 96 344 720 860 602 914 802 162 154 280 542 809 846 676 534 185 169 507 626 465 178 375 223 180 600 266 317 617 528 753 941 233 883 952 764 341 73 404 785 649 224 581 458 250 535 969 22 475 943 896 423 323 927 335 809 663 540 299 344 503 866 382 97 886 857 148 98 878 633 369 934 409 62 417 789 138 150 560 319 
590 938 328 679 366 43 678 1 44 411 219 490 292 1000 251 485 769 843 993 449 695 478 655 279 518 43 294 891 931 551 233 61 951 486 754 794 692 995 336 503 410 131 148 479 268 296 854 28 308 772 133 27 841 144 66 942 312 414 646 105 129 13 248 583 566 680 750 536 933 142 154 390 262 229 733 556 556 187 444 244 286 191 633 696 925 617 783 832 58 396 882 298 236 729 350 57 186 926 144 456 
218 604 614 621 497 926 692 284 225 148 532 900 539 554 530 102 367 940 427 551 918 436 5 913 635 696 135 66 509 832 996 549 973 73 419 906 153 184 190 362 896 127 623 152 669 660 570 83 839 320 141 94 525 246 792 761 982 474 947 398 208 633 408 441 466 500 340 175 871 962 203 318 950 675 442 40 69 142 503 491 351 416 860 968 211 312 9 288 771 821 50 441 780 206 48 455 138 827 550 835 
25 466 624 163 975 844 512 214 654 74 313 805 953 28 319 154 140 48 610 938 729 246 898 321 729 434 307 352 407 999 456 130 324 733 928 104 567 996 999 279 821 625 503 755 396 714 192 372 991 463 832 963 450 674 211 258 704 88 793 616 7 208 357 942 351 713 77 397 219 660 322 569 620 518 436 148 438 597 32 35 953 228 924 793 850 919 364 57 840 852 845 340 404 717 457 471 542 926 451 141 
800 102 491 853 88 738 944 384 362 495 981 463 5 206 868 610 592 858 393 267 452 202 4 611 241 201 847 862 151 755 202 211 709 3 427 700 416 213 155 939 102 869 17 4 372 693 595 601 87 213 815 848 658 727 767 144 15 110 212 119 423 589 848 361 127 758 212 344 176 842 379 455 398 517 715 79 307 71 291 779 103 358 601 13 482 324 813 146 436 155 619 311 462 788 890 376 160 418 809 241 
506 32 364 672 1000 348 776 480 455 938 966 491 711 872 162 935 368 408 20 682 283 107 462 630 720 156 427 436 567 163 326 998 223 702 99 623 60 849 648 105 269 528 254 668 421 386 258 529 566 34 923 653 633 360 70 462 74 191 649 565 896 626 296 732 800 46 248 746 302 927 314 303 439 320 573 867 558 57 285 234 810 880 77 964 58 999 712 772 293 570 532 51 558 460 114 221 86 878 674 792 
924 705 492 993 117 84 442 463 534 403 920 330 923 128 964 237 944 92 302 224 336 568 273 461 943 60 548 331 900 497 473 52 66 678 396 210 357 197 760 497 533 751 176 263 279 281 472 365 996 384 997 780 810 366 309 750 52 267 976 308 914 816 623 744 178 535 449 363 628 940 652 213 56 846 149 304 27 252 583 556 904 695 474 32 4 92 454 983 726 492 682 304 537 127 227 931 504 11 913 429 
893 62 133 606 130 203 239 207 801 737 302 542 583 443 505 303 666 2 835 796 424 163 34 880 501 557 545 777 32 656 15 623 946 32 898 99 632 83 230 13 30 107 143 295 923 364 303 963 688 185 898 432 410 861 568 391 370 635 8 437 67 309 577 437 625 913 240 615 599 102 384 652 578 468 488 787 736 946 347 78 87 864 480 972 652 452 706 45 684 914 52 615 60 27 592 858 24 895 708 712 
862 940 441 415 161 549 627 366 22 46 224 886 945 636 359 942 986 847 988 356 940 606 0 620 813 999 851 353 625 177 688 320 388 156 645 347 942 224 429 502 690 569 622 16 125 612 483 185 31 990 433 969 459 150 305 564 622 537 517 300 651 243 871 645 258 219 32 510 748 365 289 583 685 617 180 134 45 306 332 999 855 736 344 245 861 26 697 678 973 581 30 644 470 543 649 747 949 711 912 730 
566 264 540 749 799 548 271 192 845 805 849 409 808 833 694 396 11 552 953 189 330 112 892 172 150 781 914 437 347 991 346 573 382 973 8 564 314 585 141 489 874 382 526 56 818 570 434 119 694 715 487 564 143 65 169 55 420 356 391 952 829 949 206 442 246 434 99 139 761 478 569 519 138 301 536 181 724 925 183 59 861 667 801 108 118 931 554 882 640 831 589 889 988 434 121 476 933 294 188 421 
872 975 168 414 384 410 956 831 588 399 456 289 877 208 674 906 361 609 189 733 564 367 138 632 504 873 924 524 890 558 822 64 698 470 271 985 827 442 98 908 990 419 169 105 32 197 99 948 960 573 50 142 30 420 954 399 830 811 817 509 812 205 86 394 483 773 94 681 636 611 883 619 882 809 47 168 41 588 483 720 637 784 214 448 701 174 438 147 472 152 135 98 337 875 797 411 834 850 563 994 
904 690 893 781 630 705 592 827 837 897 567 431 467 371 265 70 983 643 78 112 676 355 852 546 522 861 759 242 681 720 303 791 401 703 827 345 751 560 869 880 127 933 663 485 767 307 589 883 165 281 256 391 377 478 152 418 503 615 429 608 732 856 91 599 141 370 212 821 356 666 407 614 13 544 419 12 99 47 477 581 286 625 214 26 531 720 787 76 453 526 212 619 340 78 833 571 902 532 830 370 
299 914 251 188 659 855 417 304 830 653 650 95 93 853 66 257 778 152 276 219 764 486 508 254 946 654 589 855 567 58 760 795 563 648 585 365 99 149 601 103 199 770 63 386 661 719 417 176 902 517 618 55 215 673 826 907 869 661 452 295 589 469 847 399 520 497 915 843 548 970 182 764 862 127 750 939 776 976 899 26 147 721 475 130 864 771 259 897 120 279 532 913 407 75 103 661 781 54 680 226 
763 876 350 886 575 755 673 272 192 521 374 407 365 325 307 748 331 7 814 699 432 234 134 958 487 902 596 981 506 898 11 489 449 767 542 170 773 273 152 801 589 862 774 341 188 136 222 292 886 103 670 401 155 905 497 380 744 131 108 21 953 74 362 373 940 296 491 166 262 953 357 426 342 206 251 329 907 330 133 538 787 159 168 452 663 96 215 134 105 738 88 589 440 463 81 788 518 323 513 628 
402 739 16 382 28 259 276 408 152 44 333 720 179 708 624 713 517 248 467 780 41 108 948 388 847 113 431 790 501 719 834 957 242 61 586 211 944 117 987 756 731 647 588 368 363 506 945 800 21 498 184 749 946 97 570 661 11 87 90 251 999 74 976 37 883 443 633 366 350 487 959 242 272 648 936 262 412 870 286 254 636 402 697 517 589 318 238 351 443 861 494 479 884 907 532 329 439 363 576 122 
358 843 384 134 821 219 865 807 265 417 953 63 119 926 893 201 265 665 202 931 84 180 91 643 901 538 802 662 243 805 648 201 636 869 211 566 963 987 587 276 306 536 693 754 84 806 788 766 160 465 337 194 52 613 7 404 308 124 869 86 21 948 346 4 275 803 247 798 232 593 39 531 955 6 826 433 380 913 477 809 176 254 18 815 474 475 630 648 92 763 201 107 536 823 742 379 44 44 147 519 
616 863 652 798 624 603 534 160 20 329 720 651 324 867 881 43 664 977 993 538 925 363 740 650 499 198 293 520 677 598 305 786 214 593 706 782 341 54 0 801 954 183 692 62 566 673 979 311 140 271 647 764 734 641 978 136 398 581 774 137 50 450 543 770 651 257 289 126 189 539 102 746 962 177 690 438 131 782 612 578 112 320 549 622 333 144 506 434 304 383 257 628 409 397 47 451 964 671 103 540 
789 34 169 396 790 302 532 269 165 715 382 467 519 819 451 128 987 66 836 28 85 888 350 599 67 600 650 832 811 75 185 882 261 267 952 925 625 786 952 693 721 657 479 251 609 605 551 658 73 373 176 567 819 108 567 513 92 188 75 253 778 498 217 431 692 874 961 571 479 298 806 133 675 818 936 535 556 842 388 918 391 345 55 500 462 935 554 763 638 839 39 142 753 419 803 975 380 382 703 218 
656 207 495 653 662 98 676 559 330 859 15 837 122 623 104 603 629 400 302 721 610 826 549 672 758 427 949 85 785 709 315 161 370 70 84 516 309 522 405 890 54 413 583 706 206 158 326 839 319 490 611 275 74 653 246 400 160 154 476 314 743 126 341 611 273 536 549 625 127 870 996 198 161 864 608 580 191 239 503 312 628 617 483 379 339 455 559 19 730 669 366 247 605 33 771 48 323 34 403 533 
777 676 399 428 959 359 442 443 876 81 224 467 537 629 88 250 914 301 263 383 795 278 193 213 193 379 714 275 735 216 747 994 848 712 430 317 656 300 251 352 880 313 914 417 296 214 147 386 732 946 963 743 10 618 771 303 711 986 15 880 849 864 145 77 160 605 722 866 629 88 325 939 282 818 56 721 337 999 617 499 926 374 208 563 62 142 119 519 689 675 756 123 474 741 914 950 735 180 186 342 
520 363 428 340 892 107 686 786 121 585 882 642 389 775 483 666 741 952 90 625 54 686 382 157 359 827 975 935 995 833 426 278 89 891 209 573 483 548 280 100 158 205 400 909 22 915 297 357 534 3 272 97 775 742 362 361 897 65 99 781 897 162 721 592 463 974 63 388 901 782 285 871 762 679 903 342 141 18 945 986 284 736 709 110 871 153 878 253 674 210 461 488 189 154 574 387 103 312 516 457 
369 683 275 987 528 336 750 545 928 911 891 752 391 800 317 186 998 319 826 24 600 503 901 938 302 376 2 891 786 742 71 391 631 396 948 543 863 805 663 734 815 620 783 376 113 368 641 542 686 695 609 288 497 20 999 145 549 441 588 290 923 9 417 775 918 547 803 242 897 362 326 886 906 922 616 720 317 888 656 719 124 18 692 237 343 254 45 812 927 997 175 167 453 793 465 250 313 307 209 114 
302 724 806 304 53 113 8 265 302 562 579 362 607 688 477 17 918 143 285 887 879 480 930 196 386 120 545 926 654 110 968 428 112 723 542 879 856 582 672 915 481 735 368 541 915 238 398 343 73 674 794 731 676 306 141 529 864 872 101 842 478 321 459 246 28 668 48 185 154 263 448 924 748 859 414 14 672 380 66 199 216 458 726 965 441 939 669 56 590 119 811 385 327 873 885 491 438 570 364 787 
879 279 453 881 498 957 413 128 330 662 635 288 944 423 76 675 501 541 627 669 863 418 427 87 997 390 457 340 96 41 527 202 884 974 579 486 625 532 651 285 907 287 314 979 735 774 981 638 771 65 408 510 27 120 306 875 419 519 886 495 612 767 388 994 651 460 854 399 836 649 180 298 792 308 120 968 39 381 779 315 38 727 999 90 119 941 236 497 665 337 407 521 647 157 40 979 728 173 374 111 
290 591 953 121 632 754 807 936 68 192 951 837 501 455 582 493 354 684 181 823 465 768 45 217 786 765 767 843 661 888 717 136 953 210 919 126 659 888 365 418 220 357 954 87 660 55 568 963 431 597 370 866 981 739 701 961 267 836 592 327 293 216 320 120 225 268 230 354 440 116 621 312 534 172 825 378 136 594 751 232 739 370 704 755 37 27 418 715 928 119 315 723 129 157 670 74 494 678 432 448 
354 311 394 156 270 791 313 699 389 299 262 255 269 0 688 720 850 472 332 760 641 867 574 954 773 839 409 695 251 847 304 774 450 910 953 300 856 449 119 742 35 32 107 762 85 299 28 480 290 837 747 409 996 234 534 727 14 246 840 268 845 819 26 398 606 863 537 784 144 856 358 549 333 329 223 175 114 597 401 474 62 836 173 543 4 587 372 274 515 381 409 635 809 812 692 202 532 869 622 159 
904 54 389 540 487 895 57 943 699 612 728 324 947 628 901 950 995 632 36 2 577 342 579 259 886 341 728 747 180 66 97 151 910 128 775 199 599 503 396 689 436 356 411 586 456 887 226 348 851 808 982 466 743 567 736 231 858 56 932 653 699 671 30 3 608 436 142 674 454 750 828 206 220 546 937 95 764 932 211 904 541 482 129 755 489 766 435 328 463 218 54 447 257 127 734 791 75 224 933 798 
421 359 993 263 459 22 253 494 809 604 438 358 170 977 576 773 991 577 885 416 780 811 272 744 672 471 279 40 287 735 245 40 289 799 920 603 623 985 73 651 706 527 277 774 379 414 871 806 703 379 296 615 645 221 459 939 58 516 71 75 812 408 686 922 951 816 666 212 923 797 239 767 564 837 112 962 446 859 983 210 208 498 526 210 20 846 978 121 690 784 679 868 480 951 980 993 658 955 242 372 
324 680 979 698 254 907 222 266 121 377 806 988 706 910 341 664 82 356 930 526 159 811 617 40 792 642 264 826 733 605 634 640 380 159 465 963 163 222 463 414 949 834 699 611 53 962 240 678 871 755 351 492 839 536 380 170 920 736 411 894 832 334 532 457 446 907 718 434 287 832 212 336 612 374 476 458 741 934 85 959 864 655 74 827 48 332 83 373 250 863 537 770 979 871 128 606 664 184 490 517 
646 303 48 852 954 636 637 14 754 65 635 842 623 0 590 715 979 35 920 548 792 555 625 963 359 589 565 240 538 806 276 886 965 894 62 126 168 307 597 364 406 721 546 958 137 560 457 562 286 966 316 42 563 343 624 523 258 32 356 816 91 397 86 711 993 361 945 43 302 232 585 367 644 575 639 181 653 179 869 311 974 628 207 533 902 945 491 341 409 253 902 186 761 815 194 711 352 315 141 789 
830 827 155 856 503 249 702 140 581 686 984 137 965 777 27 12 908 663 349 836 317 141 700 813 104 219 650 788 678 939 599 846 360 454 686 941 857 171 93 945 235 501 55 559 681 274 203 390 781 840 162 339 77 213 544 9 673 309 122 332 497 0 594 252 19 838 273 530 749 274 734 242 229 697 289 935 709 392 983 122 728 293 305 113 529 215 733 460 861 537 79 555 877 653 541 553 675 135 607 153 
530 15 858 731 388 197 200 16 759 982 281 167 186 964 667 202 748 541 456 167 299 192 814 819 670 653 705 888 577 351 796 41 854 880 709 965 396 757 624 727 12 401 878 706 867 914 665 540 239 776 755 438 83 901 656 541 695 39 8 816 691 321 889 934 650 828 342 968 946 287 765 24 512 906 430 159 195 336 72 239 481 1 46 447 977 425 744 810 630 637 479 77 82 32 963 672 377 691 977 618 
526 909 455 847 746 445 364 326 138 438 260 419 976 915 711 846 559 192 655 577 248 68 826 118 827 302 673 987 219 462 569 320 850 8 260 822 489 224 924 12 774 626 938 500 756 744 626 71 509 383 61 396 398 900 838 529 366 774 138 338 748 34 642 341 192 462 731 324 282 366 727 876 189 114 869 363 647 980 858 505 977 538 803 586 359 685 413 839 654 822 365 957 799 762 562 215 636 484 996 173 
979 235 46 615 469 652 876 534 933 176 729 667 282 415 617 249 940 604 759 474 530 151 246 726 464 54 926 552 100 292 59 338 534 811 933 646 425 896 257 513 969 943 19 778 652 341 33 907 422 605 647 865 261 686 479 925 466 435 151 209 74 127 973 194 314 981 649 78 63 271 647 361 762 809 323 916 651 321 742 641 949 147 474 331 206 979 925 700 919 864 112 589 788 473 48 613 853 528 203 516 
495 517 192 385 641 892 266 782 475 365 998 56 286 915 475 905 19 17 896 277 38 217 290 272 232 500 398 744 664 136 841 635 737 998 675 873 1 29 69 820 288 581 881 212 449 390 40 875 875 565 250 720 278 141 593 388 977 697 443 730 256 283 330 236 43 867 880 236 665 221 842 931 209 642 316 427 494 419 922 835 315 583 427 631 481 11 194 417 874 907 871 374 449 674 749 117 805 742 772 284 
725 255 578 87 674 488 364 311 685 437 581 90 130 232 280 741 523 695 82 956 212 882 89 293 446 171 626 723 285 495 289 373 254 641 918 743 342 165 583 351 183 111 637 269 751 900 242 225 821 996 301 64 186 298 198 449 450 983 204 297 686 127 354 58 431 913 184 694 597 757 95 77 706 740 580 94 207 982 688 933 475 393 458 323 521 720 21 339 817 774 805 169 695 725 111 47 494 195 837 102 
771 862 694 763 925 147 501 1000 577 836 373 203 917 557 145 851 895 66 959 998 485 884 691 919 442 789 409 869 189 519 465 540 443 914 723 468 401 959 282 397 819 882 914 946 690 473 485 577 367 751 891 776 807 774 119 804 210 13 862 619 742 502 421 763 146 309 641 771 935 135 59 962 517 324 124 403 337 740 976 321 117 315 754 977 421 433 990 707 148 962 427 140 988 10 697 989 262 517 49 755 
656 753 420 645 972 652 541 924 970 364 15 868 343 750 522 827 345 364 772 2 224 660 801 107 856 386 761 917 83 869 732 810 166 738 932 620 340 926 584 96 839 420 962 515 434 50 512 933 504 842 896 397 42 77 96 669 357 439 260 58 757 719 893 792 936 509 701 285 356 993 811 455 948 8 751 26 365 125 377 63 353 680 623 579 207 252 744 105 474 380 515 131 606 444 29 765 667 117 726 403 
297 710 24 586 19 166 55 349 235 621 658 373 295 607 148 877 588 298 545 465 564 817 232 371 126 920 98 194 751 444 968 897 481 474 599 970 852 791 143 583 638 19 188 757 511 358 13 325 895 240 671 897 492 48 83 437 377 464 946 320 910 239 560 275 588 514 635 987 471 288 822 861 722 274 426 109 858 192 856 256 656 74 245 498 287 62 442 411 687 866 249 624 717 696 114 32 733 574 670 259 
183 939 222 189 93 513 200 907 645 690 727 863 225 186 919 160 532 843 491 680 144 306 84 606 834 702 867 204 988 224 342 448 159 486 482 553 736 419 143 872 169 529 132 598 232 664 126 490 589 236 182 514 550 2 31 701 807 985 603 165 170 267 307 320 250 901 331 67 933 505 972 628 59 280 361 321 366 88 677 393 52 39 158 819 719 904 848 678 444 344 197 629 927 512 434 907 224 212 129 350 
642 164 217 196 287 315 66 535 551 763 46 931 415 301 549 688 316 599 497 959 689 456 466 204 882 416 844 89 139 830 575 798 366 693 648 52 584 216 491 533 891 82 95 92 587 822 100 378 502 863 973 982 351 744 467 97 272 300 467 464 454 172 858 46 999 736 15 714 626 220 844 855 785 521 699 577 134 852 668 230 175 552 787 868 862 421 385 516 64 112 312 209 172 715 695 770 989 827 82 18 
51 345 265 959 477 608 327 875 640 826 822 123 669 367 905 953 959 43 523 91 586 576 324 142 633 871 179 206 489 515 10 801 997 713 295 703 681 807 863 431 673 73 565 721 875 858 186 720 892 833 929 744 370 545 804 946 620 784 283 539 673 33 529 182 504 773 574 896 518 694 800 145 543 811 737 481 994 330 141 472 537 933 324 388 999 91 321 748 125 637 833 820 74 290 725 503 370 939 184 786 
536 79 439 567 552 36 544 923 839 295 588 21 631 612 454 351 328 865 552 637 372 962 700 117 857 585 86 84 701 565 439 542 611 94 887 45 536 417 292 154 698 969 340 76 121 315 464 27 119 922 601 425 931 906 631 41 370 637 134 962 391 942 777 279 417 410 693 328 927 158 160 407 481 517 363 192 109 838 439 747 428 765 880 92 924 681 547 667 422 75 51 986 251 856 643 551 838 562 658 913 
3 947 150 665 28 79 585 313 340 456 472 103 120 29 112 528 88 145 629 167 356 48 546 407 915 232 810 882 582 522 508 826 587 986 469 161 156 702 762 161 150 999 771 743 345 460 806 331 893 458 825 189 934 209 1000 975 287 802 349 834 984 253 520 142 1000 925 453 719 666 967 840 715 235 217 811 185 54 255 81 438 609 846 674 454 886 31 392 73 913 125 645 815 520 843 388 415 424 492 215 315 
31 737 106 683 354 85 16 78 225 959 853 882 205 193 907 2 406 293 681 714 550 528 317 868 749 427 596 519 468 949 513 438 494 784 526 62 254 180 208 113 403 391 749 596 431 939 276 793 402 780 100 401 535 193 451 790 60 633 240 713 927 856 469 164 985 515 642 265 485 125 160 572 410 388 795 458 335 385 89 487 6 958 62 241 644 505 749 146 994 909 652 969 519 287 509 107 232 30 321 154 
891 74 695 624 714 60 461 982 977 403 114 824 692 351 873 342 941 157 178 38 208 218 114 58 636 337 693 360 707 666 235 213 98 889 156 203 351 249 579 182 392 536 230 329 247 775 983 568 851 828 83 654 731 771 419 331 34 413 925 807 151 514 880 39 657 446 580 887 841 556 292 732 691 246 588 642 366 341 358 595 343 313 786 285 855 249 865 149 769 881 344 142 955 258 35 907 650 788 804 747 
239 176 495 509 179 173 842 363 617 815 844 798 254 452 70 790 992 747 788 602 757 673 31 64 687 700 954 282 415 688 184 351 519 841 921 112 934 796 10 190 610 559 166 131 57 946 883 384 529 396 60 909 896 298 29 496 375 720 454 980 16 27 465 981 495 766 429 581 186 593 820 738 679 284 623 8 766 374 431 273 757 980 788 22 206 583 263 103 728 967 967 674 287 780 991 280 171 973 969 320 
955 234 5 453 600 738 211 242 13 963 887 207 810 63 959 266 980 501 688 7 942 957 145 96 362 168 238 342 282 246 135 649 597 768 114 180 319 313 439 266 270 707 814 67 217 335 799 345 731 639 693 408 502 280 794 294 375 974 323 232 552 416 494 171 295 990 990 390 812 63 122 730 135 19 51 787 903 370 926 877 860 761 177 711 703 890 827 253 314 120 955 597 614 374 943 264 791 40 690 966 
267 683 760 303 886 255 11 344 954 738 559 558 715 737 553 747 179 92 987 955 537 132 932 418 763 705 478 319 935 563 785 524 347 874 664 159 980 644 751 830 742 758 393 805 980 575 237 851 771 309 216 833 41 260 710 985 818 639 648 359 397 689 736 511 1 503 895 104 508 882 831 482 844 869 283 119 772 347 716 239 824 696 438 821 929 470 185 164 924 611 811 612 732 299 374 342 137 819 681 201 
319 270 838 178 754 485 619 706 294 923 32 445 482 185 446 847 217 921 216 705 695 793 489 691 653 806 361 819 317 515 674 875 119 233 986 819 433 90 915 250 748 527 231 59 321 590 710 274 106 743 764 230 882 974 217 266 387 962 635 932 767 926 905 643 245 18 512 621 742 991 690 105 239 439 80 934 318 253 976 540 591 798 485 610 406 287 94 121 607 132 632 294 353 171 947 909 57 958 196 915 
746 4 176 829 328 381 804 813 279 278 821 219 670 629 764 918 979 163 297 227 266 536 478 774 596 239 55 716 923 33 712 686 456 934 962 882 913 556 378 617 101 421 99 346 639 122 69 848 618 576 140 765 677 859 729 32 88 572 228 177 922 964 999 694 164 854 526 438 884 666 318 128 240 11 929 537 93 870 991 898 993 170 338 33 952 454 535 581 950 699 321 724 608 622 325 795 528 352 241 110 
586 794 737 113 439 731 201 375 359 59 129 365 122 867 414 777 472 270 870 402 271 975 480 806 994 323 692 199 223 613 958 311 610 981 934 869 961 261 710 441 143 159 313 64 336 107 571 345 279 555 527 688 98 453 598 105 949 955 895 175 66 11 387 307 516 286 903 512 482 78 82 350 639 344 36 273 836 740 305 284 495 596 550 36 722 412 569 502 233 730 573 71 242 400 229 80 929 623 254 192 
66 950 841 481 397 581 862 144 17 471 547 807 755 696 237 288 643 10 128 877 906 152 475 670 572 259 694 389 79 57 438 674 927 353 692 131 271 102 747 620 329 472 184 923 450 335 164 70 153 159 197 529 415 64 876 898 327 821 82 140 569 13 427 425 969 421 709 38 733 827 218 931 694 898 400 316 545 669 819 663 509 326 90 576 801 710 619 456 968 573 79 605 916 830 500 832 972 452 940 400 
275 123 174 380 707 250 206 316 698 373 963 150 269 719 352 746 53 691 907 792 907 561 921 269 75 606 446 137 33 436 881 774 170 777 142 656 118 851 73 218 782 815 812 456 401 20 235 524 909 549 891 504 894 783 822 659 883 882 235 853 971 88 502 586 121 21 738 27 709 835 1000 184 960 933 461 950 196 736 781 30 593 977 637 936 133 693 387 650 49 694 817 882 541 138 430 917 587 920 748 597 
517 862 537 246 952 635 561 678 473 846 314 560 494 417 498 197 482 297 689 778 110 178 290 339 18 438 480 611 282 950 633 727 821 71 623 881 313 483 67 546 263 19 525 638 314 288 725 936 534 919 524 123 976 504 809 310 920 328 481 954 225 979 848 693 143 477 735 770 878 479 260 332 833 306 914 473 474 52 851 951 76 284 919 340 70 559 151 442 293 304 59 488 785 101 920 780 781 828 584 367 
195 882 384 168 398 915 898 941 729 782 559 334 872 301 690 789 298 590 992 395 5 678 806 90 810 689 477 77 778 593 978 378 463 812 851 479 138 495 701 509 295 57 826 743 320 537 838 878 89 484 624 39 282 530 998 313 797 839 789 845 716 976 911 634 122 438 958 497 778 280 289 163 324 284 934 455 862 188 7 763 64 311 122 77 645 791 781 852 742 701 165 441 201 187 34 715 196 751 179 332 
831 155 199 535 525 56 905 176 60 962 237 718 236 818 111 477 406 125 546 687 718 194 403 568 905 234 744 694 680 596 983 267 973 993 0 131 132 369 586 251 922 779 75 363 221 63 913 605 319 492 469 200 937 806 481 255 855 724 38 320 260 866 855 521 846 429 722 298 13 91 823 788 599 458 919 181 934 444 323 639 832 810 626 537 153 540 183 856 302 557 678 614 815 342 885 762 869 108 171 881 
323 442 420 619 719 842 404 857 764 124 906 25 215 895 273 338 263 468 222 248 115 364 882 187 600 367 725 669 768 274 189 116 322 526 130 712 605 860 970 262 39 404 752 149 386 210 298 148 232 962 871 399 63 899 507 154 659 503 391 606 872 499 705 646 69 989 813 408 180 105 610 528 560 642 160 115 411 159 865 775 454 267 149 70 781 799 808 9 611 774 347 183 392 298 572 149 39 638 999 603 
470 757 282 378 359 502 483 502 946 40 885 8 651 204 767 977 817 743 850 464 499 916 760 121 429 703 89 218 341 873 144 109 864 237 949 994 199 449 695 679 526 376 891 609 501 544 985 503 297 81 405 47 360 582 418 259 477 247 413 918 605 12 216 528 684 980 756 791 536 908 978 915 993 257 655 3 851 779 446 777 373 349 621 620 941 395 468 765 758 849 388 317 137 324 591 489 393 543 995 851 
380 858 623 518 389 44 920 484 475 138 400 630 535 320 93 87 883 352 852 378 163 207 142 901 577 1 604 452 526 227 795 389 532 286 227 897 590 390 29 465 324 299 190 835 964 771 978 29 761 781 626 276 360 398 750 399 143 370 601 972 841 208 849 272 471 879 165 535 960 798 982 707 715 349 161 320 620 499 293 559 929 458 295 589 415 474 338 568 94 476 46 763 586 414 786 624 518 536 821 667 
266 201 738 598 58 955 901 889 963 761 204 444 353 347 805 313 60 357 739 28 482 28 769 38 295 102 427 908 181 228 946 768 38 880 619 363 854 816 703 38 632 447 487 452 40 881 467 973 572 488 279 799 853 379 262 192 479 622 11 302 41 471 511 474 209 18 169 944 216 274 711 406 227 619 841 623 140 610 980 685 517 110 39 582 677 956 965 583 606 396 239 923 752 650 324 229 437 46 534 112 
259 48 722 243 133 674 646 79 82 723 774 977 534 89 740 688 441 395 310 94 60 360 650 887 611 712 870 35 443 762 988 627 595 805 796 533 850 129 790 479 688 962 85 188 757 401 148 299 880 641 364 658 469 941 853 930 445 153 792 284 83 282 64 858 888 170 337 233 781 107 563 416 391 253 257 541 950 902 283 527 90 679 209 825 967 48 79 146 123 945 482 242 140 221 272 300 526 305 160 728 
469 975 662 138 612 847 925 611 635 788 490 777 729 524 660 184 218 555 286 861 526 553 606 444 492 111 155 597 323 896 876 574 230 472 533 345 58 614 700 356 198 564 123 606 99 608 774 631 366 118 203 406 438 740 363 867 172 714 313 782 398 404 686 425 94 867 510 344 646 540 653 752 161 164 265 243 993 546 14 192 102 375 241 913 70 743 164 88 486 49 897 465 451 35 611 525 376 664 461 911 
412 409 883 206 684 680 283 90 923 291 440 37 232 113 241 760 657 769 595 277 950 146 195 275 766 382 388 493 337 400 438 127 739 364 158 899 974 357 253 683 959 469 900 866 556 176 103 755 882 300 896 535 883 776 65 89 97 600 426 488 490 720 601 560 90 142 910 981 584 509 737 677 849 336 629 230 174 493 974 794 308 5 393 453 447 122 109 288 333 977 532 375 491 18 807 805 6 955 228 719 
345 915 226 808 825 55 268 287 335 176 179 414 710 485 488 340 367 882 866 559 502 773 646 680 755 672 911 638 725 268 145 178 683 341 837 346 278 73 661 480 659 183 817 254 13 756 336 936 250 653 34 629 357 964 327 302 70 139 986 16 641 921 298 496 74 889 10 896 296 784 995 304 51 958 380 543 392 657 315 923 853 106 258 929 92 337 33 517 794 965 707 333 320 577 150 580 652 584 322 247 
113 777 329 130 712 772 68 148 422 518 89 147 837 481 3 703 393 578 104 47 519 368 682 116 532 710 186 82 324 354 831 318 312 329 667 571 795 11 552 467 682 34 59 271 911 34 241 117 84 487 857 596 934 765 191 274 949 25 362 522 457 101 715 308 153 982 210 889 899 315 76 484 524 113 593 735 374 721 540 914 103 72 286 842 223 908 189 339 352 269 643 646 213 340 721 351 22 146 557 233 
7 641 525 250 830 667 541 883 451 765 303 989 886 271 238 479 773 180 324 4 188 221 117 967 980 152 11 432 150 441 394 972 2 780 471 618 879 307 572 354 414 406 123 387 358 941 541 404 544 75 777 849 407 302 779 387 787 128 129 605 184 539 995 343 367 670 981 801 895 341 303 124 981 770 192 78 201 282 58 421 559 747 138 38 193 321 689 696 57 190 193 929 168 108 968 614 101 109 619 979 
146 745 660 468 369 653 82 215 761 336 770 349 678 257 519 374 266 759 979 43 432 282 836 327 85 790 558 161 996 556 255 649 943 890 951 5 604 154 717 225 628 698 618 503 542 883 750 237 511 623 349 366 690 670 897 874 234 23 459 640 311 216 525 776 103 32 646 352 760 3 425 931 454 883 401 468 885 952 130 184 213 884 849 917 805 395 452 332 139 857 255 902 576 716 465 519 469 219 945 890 
702 128 723 9 113 343 106 795 731 894 732 729 856 762 858 909 636 658 684 795 100 778 704 493 506 362 359 471 820 935 622 525 892 315 240 534 961 519 329 312 590 953 718 977 868 622 431 186 986 13 315 384 325 789 616 896 936 76 789 865 634 158 842 129 895 761 707 854 791 524 996 205 23 360 177 745 134 853 902 921 875 70 346 445 41 469 599 347 675 141 894 980 865 732 438 368 179 42 232 349 
657 192 456 390 147 534 913 587 750 183 383 692 51 870 885 91 981 743 74 978 685 701 922 878 903 176 915 434 815 828 527 861 767 403 339 843 57 796 381 669 429 64 394 36 388 953 885 312 474 666 857 590 113 535 173 664 347 672 68 960 668 420 184 25 167 608 476 624 204 44 857 601 214 58 481 519 747 767 915 733 903 867 453 516 299 146 277 338 835 200 720 946 447 261 640 975 584 820 978 129 
614 618 987 729 237 99 749 475 341 580 10 204 427 790 751 375 761 48 270 961 822 666 912 720 593 268 388 170 597 435 596 552 701 273 630 696 771 706 774 240 174 359 475 490 123 862 212 51 531 841 295 485 557 573 651 482 569 754 210 167 585 709 406 948 651 512 750 846 924 694 914 567 513 624 696 870 186 713 972 193 550 611 313 340 829 946 243 533 727 578 381 71 433 451 197 756 918 740 984 543 
806 519 102 848 358 332 925 868 479 336 113 417 341 334 879 389 396 811 474 796 913 987 791 873 238 617 464 31 320 20 421 644 285 559 448 982 242 404 816 675 146 539 669 198 688 91 455 339 960 404 950 876 837 343 618 895 37 894 206 613 183 93 432 669 238 369 299 680 329 797 66 499 153 295 65 444 843 679 758 569 38 718 340 397 975 113 731 322 283 812 506 84 78 706 539 636 709 484 836 103 
593 755 147 263 162 430 742 323 175 961 583 621 663 278 803 12 919 217 373 860 12 503 493 402 21 471 932 248 100 136 74 829 360 880 136 866 171 502 625 245 869 890 539 998 109 612 139 581 945 731 153 876 155 630 907 301 310 300 592 456 686 583 612 212 113 461 850 359 706 519 178 98 627 49 184 297 399 436 620 382 760 711 148 739 30 813 365 17 979 825 634 792 878 314 771 456 336 871 517 72 
709 4 285 775 2 176 619 507 121 677 188 427 660 395 336 244 866 58 231 343 704 68 722 97 14 396 572 817 299 379 930 492 747 146 523 1 515 631 51 486 52 574 253 427 670 529 273 766 900 238 910 936 252 813 886 221 998 456 471 828 92 325 200 3 580 591 159 544 172 517 412 771 880 962 815 633 645 285 5 378 957 385 878 621 37 855 770 507 981 7 341 980 958 176 843 960 280 968 888 953 
275 221 509 216 284 532 393 698 770 910 887 64 921 889 832 170 468 291 354 350 551 371 268 914 739 333 990 530 770 920 677 3 926 223 398 121 765 146 949 829 675 302 863 697 731 91 412 838 16 395 174 855 167 650 96 624 992 10 403 657 523 671 975 590 910 342 454 188 805 903 611 225 164 144 859 800 883 656 469 90 862 640 488 85 547 379 163 319 921 131 351 114 476 354 570 497 999 876 46 699 
655 87 530 742 664 371 126 441 834 959 763 85 352 833 395 727 33 908 347 392 466 12 911 821 995 247 891 146 576 353 585 776 486 792 504 533 533 312 156 522 146 55 52 734 690 264 960 87 739 664 698 764 559 181 161 854 521 480 499 365 69 702 608 826 89 974 864 651 67 942 305 844 905 408 950 120 559 147 780 683 723 924 116 421 591 630 906 636 75 25 385 193 374 942 659 771 546 12 598 6 
535 861 623 741 57 225 361 850 627 125 234 961 238 196 93 971 116 344 736 278 469 572 591 145 919 137 28 438 433 136 222 75 777 124 889 111 820 498 47 756 895 952 113 366 118 595 72 908 895 525 90 428 111 722 153 656 65 795 360 595 104 59 502 357 335 459 517 538 113 20 318 12 812 158 627 453 501 942 270 624 550 868 760 236 833 522 325 88 687 455 532 334 599 423 831 217 49 891 395 132 
194 981 139 288 536 734 805 283 344 779 619 455 388 989 666 117 657 974 498 492 152 335 768 122 575 414 417 919 895 675 669 91 731 774 64 225 683 695 179 454 452 606 699 756 597 623 687 593 262 945 637 898 968 588 544 655 270 424 141 477 245 830 979 695 118 776 416 445 70 682 246 501 497 271 996 921 910 872 507 403 90 622 354 216 679 177 88 256 878 527 609 103 3 189 309 378 34 485 92 510 
720 962 659 548 783 905 122 165 93 538 973 388 232 361 679 334 320 72 271 14 929 99 52 266 90 557 473 471 71 431 484 452 385 215 749 280 614 128 946 236 782 122 797 636 666 819 204 359 225 950 983 985 334 598 291 186 843 929 616 714 961 196 294 743 79 636 17 513 120 981 539 785 0 974 956 348 93 295 723 146 144 119 473 899 910 877 125 294 787 388 269 782 130 749 365 954 421 494 333 618 
523 426 317 469 482 687 873 81 947 766 560 476 880 487 573 930 623 720 779 319 449 927 86 427 539 202 605 204 650 310 454 5 429 964 980 438 399 356 16 744 234 198 635 795 950 114 941 151 415 136 699 202 347 81 479 579 353 594 531 577 696 641 715 470 947 174 575 356 641 586 90 90 443 635 922 214 806 627 59 989 375 740 796 953 91 368 457 277 225 183 461 952 243 704 253 378 915 704 284 360 
578 104 579 623 28 11 195 831 177 76 815 738 606 3 932 343 245 624 350 643 241 861 43 583 183 700 438 723 148 615 430 656 90 826 441 128 922 872 591 597 264 193 100 217 420 490 730 715 367 507 870 621 600 301 985 60 540 705 327 440 896 661 234 44 545 413 352 997 78 814 678 604 234 535 17 325 631 30 448 894 879 210 760 306 866 722 880 482 17 544 421 330 58 345 47 962 452 68 579 675 
409 319 686 107 462 18 404 220 43 681 250 245 554 525 679 627 95 264 124 341 282 982 138 142 984 424 627 19 566 48 503 55 181 135 439 380 76 80 684 236 588 538 631 575 906 301 35 414 578 753 958 128 58 678 351 282 464 994 637 978 520 858 370 969 141 420 873 842 406 633 996 473 930 626 682 697 456 331 361 31 925 915 26 387 164 136 593 959 773 660 732 632 140 291 680 18 159 85 484 522 
604 156 991 739 151 234 346 744 111 119 52 42 59 26 910 474 379 363 585 561 402 830 291 738 211 630 15 644 529 168 370 315 152 629 454 165 300 379 563 607 605 969 672 983 525 163 558 656 700 13 957 991 83 211 424 742 641 138 553 641 217 614 968 131 32 526 836 436 300 825 508 111 272 469 451 156 90 239 954 251 384 701 406 140 910 682 439 674 43 440 0 213 111 844 382 503 629 988 958 328 
158 729 687 217 746 247 513 572 445 518 734 82 471 888 786 945 493 68 599 575 187 572 917 827 21 589 783 978 851 542 788 526 60 83 742 594 487 28 944 435 782 590 837 200 81 32 75 741 42 928 114 937 254 873 717 55 273 41 403 409 594 519 244 270 577 81 235 954 71 904 21 286 151 55 403 956 89 522 706 210 925 974 459 108 471 597 829 933 388 452 935 438 508 385 208 885 500 845 12 583 
100
54 73 43 16
49 95 28 2
91 30 8 68
4 37 13 33
94 34 5 10
13 12 86 47
5 9 48 5
63 43 6 9
42 90 42 3
78 3 12 11
9 57 4 16
32 49 30 35
90 91 7 8
29 80 41 7
58 92 33 3
68 49 27 8
87 40 10 31
90 77 6 6
68 75 32 16
98 97 3 4
42 23 14 45
90 54 6 20
48 44 16 47
23 27 42 3
96 44 1 29
49 100 11 1
3 79 82 3
96 57 3 24
31 22 44 68
8 85 56 7
95 94 3 1
39 31 38 64
11 18 48 73
39 39 21 58
90 91 7 10
91 74 8 2
55 84 27 7
62 65 25 24
56 68 3 7
44 9 7 82
71 95 20 6
67 98 16 2
87 31 14 13
32 9 28 20
50 59 38 11
49 23 30 23
8 37 64 22
52 93 4 1
14 58 47 12
81 43 12 42
22 30 65 30
61 82 40 16
90 48 11 42
58 99 4 2
76 40 1 29
52 13 23 88
18 26 10 1
99 23 1 15
19 69 59 1
75 91 21 3
68 19 30 64
55 20 19 54
46 18 4 74
16 12 70 86
14 6 85 27
40 22 13 19
7 77 11 6
46 43 39 4
8 34 90 14
2 10 88 83
77 37 24 22
97 91 3 9
80 8 14 60
38 75 43 24
3 19 94 69
1 65 25 34
89 90 9 11
41 82 9 18
64 35 8 9
32 50 41 11
23 42 54 3
70 18 13 38
53 10 8 23
93 30 8 24
11 55 38 3
8 52 49 2
24 35 72 7
56 77 20 24
28 9 45 63
30 15 15 53
6 90 36 8
37 24 50 2
90 84 2 3
2 77 95 15
50 63 4 26
74 67 14 17
17 21 78 34
4 89 38 2
75 71 7 25
47 52 3 20
