710
637
939
998
785
519
565
374
206
749
297
413
599
213
575
668
27
422
914
743
367
151
68
125
299
395
414
697
841
999
606
276
539
90
72
475
598
90
698
66
734
387
947
960
814
625
902
217
608
920
65
973
986
561
596
333
11
201
173
330
283
988
901
483
494
471
342
798
855
624
921
676
835
961
1015
707
681
850
432
549
177
240
411
701
866
687
237
725
667
613
955
159
74
998
188
170
512
204
798
1014
729
751
281
978
670
713
685
163
402
509
23
680
746
553
446
179
472
153
712
607
31
603
300
916
157
50
966
274
106
619
925
712
313
858
247
681
104
51
912
924
865
851
349
5
1002
981
29
791
825
851
577
301
417
127
454
235
855
994
529
800
165
150
68
182
778
756
485
50
598
933
510
137
43
642
786
271
486
155
473
867
56
618
280
299
894
946
139
574
485
732
549
402
962
606
167
700
377
872
321
61
206
578
978
913
771
108
691
139
71
72
191
947
496
1014
793
546
642
143
257
789
583
627
194
777
661
697
769
275
191
459
931
362
950
577
802
275
996
101
290
972
811
37
633
43
977
162
792
546
493
610
157
709
507
880
639
550
614
347
501
29
930
224
335
797
337
219
353
309
222
597
43
78
930
607
190
1004
623
281
415
923
741
982
193
564
735
397
309
230
207
56
806
929
37
218
568
746
910
510
741
579
970
776
19
90
886
840
417
584
641
96
389
365
179
641
369
125
321
371
927
138
409
778
184
325
126
355
500
36
374
152
142
812
922
982
285
292
302
596
73
243
592
504
163
330
199
104
538
387
467
334
539
496
681
160
81
375
801
130
597
840
470
312
615
494
70
596
791
903
620
295
936
617
146
282
8
456
19
440
117
407
219
601
794
557
439
194
746
206
312
635
525
173
928
246
952
873
781
467
234
795
771
331
894
125
327
537
430
649
772
392
572
809
305
621
248
563
464
458
830
317
646
462
141
636
535
490
887
621
77
314
4
13
68
330
246
536
506
435
167
314
84
801
865
202
908
1019
428
291
108
548
305
287
828
880
228
735
520
952
253
321
551
932
580
512
73
332
66
802
981
390
998
98
172
877
908
324
29
981
964
34
799
596
18
153
358
511
703
21
358
250
742
791
996
928
351
719
58
615
860
885
909
269
336
32
653
745
760
849
888
875
672
780
222
100
1008
916
66
735
423
744
147
840
316
415
686
717
429
846
697
499
866
896
829
501
913
311
737
677
902
857
987
417
506
952
657
531
998
206
219
743
684
681
954
547
882
569
431
88
777
1000
948
668
99
325
423
190
709
139
483
172
577
557
702
196
82
498
688
746
870
431
769
444
768
113
300
601
485
524
491
582
481
666
558
184
37
461
344
152
623
771
190
425
710
637
82
440
276
543
626
136
363
168
698
349
706
322
934
583
668
145
425
135
411
148
884
193
898
369
142
911
189
360
678
589
199
439
706
298
169
155
525
658
573
614
783
98
829
632
948
147
903
506
166
750
33
581
577
497
137
459
982
535
674
40
145
820
85
421
870
873
576
780
687
889
165
108
980
1002
579
27
498
230
32
806
647
304
855
812
408
76
568
539
6
561
619
805
566
873
971
1007
941
897
27
576
67
31
570
742
863
626
746
709
155
247
856
240
324
757
155
621
386
769
1016
504
188
83
381
564
325
5
557
2
431
588
214
231
772
311
435
18
461
784
788
988
371
988
184
965
623
42
446
774
904
897
566
122
91
227
476
362
754
273
813
988
181
475
974
628
247
868
1011
37
778
167
465
472
528
418
833
671
942
984
808
101
391
666
649
781
586
31
962
714
198
1007
212
419
857
353
475
878
662
764
677
848
3
361
709
348
924
848
771
30
555
931
186
139
60
880
391
359
324
234
1021
93
451
118
404
587
692
394
814
648
479
645
56
66
59
882
546
973
92
312
553
21
828
778
384
861
781
40
856
832
615
394
100
83
864
862
472
369
209
78
918
77
109
416
565
492
585
50
163
38
320
669
124
770
177
564
301
1014
805
380
489
843
724
209
102
404
722
554
990
605
879
147
499
258
829
895
843
52
21
544
364
746
913
968
753
860
51
770
721
185
716
240
7
506
654
880
226
263
636
1008
321
980
895
636
83
616
99
624
655
436
678
173
429
229
988
133
825
955
429
383
488
84
582
344
758
208
115
633
694
128
649
471
298
906
934
302
499
992
455
953
179
133
209
226
255
540
361
58
541
220
1004
501
423
688
302
617
567
300
115
1003
256
567
968
541
1
404
18
217
491
47
653
806
743
288
973
3
119
939
158
662
539
601
558
355
68
723
113
250
317
361
147
247
588
112
27
863
445
105
562
803
543
645
